4294967279,251
4294967279,250
4294967279,240
4294967279,228
4294967279,218
4294967279,216
4294967279,156
4294967279,378
4294967279,374
4294967279,368
4294967279,367
4294967279,366
4294967279,363
4294967279,359
4294967279,352
4294967279,343
4294967279,342
4294967279,341
4294967279,340
4294967279,339
4294967279,338
4294967279,332
4294967279,330
4294967279,329
4294967279,326
4294967279,324
4294967279,320
28,14
22,11
4294967278,572
4294967278,570
4294967278,569
4294967278,568
4294967278,567
4294967278,566
4294967278,564
4294967279,301
4294967278,563
4294967279,296
4294967278,559
4294967278,558
4294967279,289
4294967278,557
4294967279,281
4294967279,280
4294967278,550
4294967279,442
4294967279,438
4294967279,436
4294967279,435
4294967278,539
4294967279,434
4294967279,433
4294967279,432
4294967279,431
4294967279,430
4294967278,529
4294967279,429
4294967279,428
4294967278,527
4294967279,427
4294967279,426
4294967279,425
4294967279,424
4294967278,522
4294967279,423
4294967279,422
4294967278,516
4294967278,515
4294967279,421
4294967278,514
4294967279,420
4294967279,419
4294967279,418
4294967278,513
4294967279,417
4294967279,416
4294967279,415
4294967279,414
4294967279,413
4294967279,412
4294967279,411
4294967279,410
4294967279,409
4294967279,408
4294967279,407
4294967278,314
4294967279,406
4294967279,405
4294967279,404
4294967279,403
4294967278,308
4294967279,402
4294967279,401
4294967278,302
4294967279,398
4294967278,301
4294967279,393
4294967279,392
4294967279,575
4294967279,574
4294967279,573
4294967279,572
4294967279,571
4294967279,570
4294967279,569
4294967279,568
4294967278,287
4294967279,567
4294967279,566
4294967279,565
4294967278,286
4294967279,564
4294967279,563
4294967279,562
4294967278,285
28,13
4294967279,561
4294967279,560
4294967279,559
4294967278,284
4294967278,276
4294967278,275
4294967279,558
4294967279,557
4294967279,556
4294967279,555
4294967279,554
4294967279,553
22,10
28,12
28,11
28,10
4294967279,552
4294967278,246
4294967279,551
4294967279,550
4294967278,234
4294967278,231
4294967278,229
4294967278,217
4294967278,215
4294967279,549
4294967279,548
4294967278,383
4294967279,547
4294967278,382
4294967278,381
4294967279,546
4294967278,380
4294967279,545
4294967278,379
28,9
4294967279,544
4294967279,543
4294967278,378
4294967278,377
4294967279,542
4294967279,541
4294967278,376
4294967279,540
4294967279,539
4294967279,538
4294967278,375
4294967279,537
4294967279,536
4294967278,374
4294967279,535
28,8
4294967279,534
4294967278,373
4294967279,533
4294967279,532
4294967278,372
4294967278,371
4294967279,531
4294967278,370
4294967279,530
4294967278,369
4294967278,368
4294967278,367
4294967278,366
4294967278,365
4294967279,529
4294967279,528
4294967278,364
4294967278,363
4294967278,362
4294967278,360
4294967279,527
4294967278,356
4294967278,353
4294967279,526
4294967278,352
22,9
4294967278,351
22,8
22,7
4294967279,525
4294967278,350
4294967278,343
4294967279,524
4294967278,342
4294967279,523
22,6
48,4
48,3
48,2
48,1
47,4
47,3
47,2
47,1
46,4
46,3
46,2
46,1
4294967294,457
45,7
45,6
45,5
45,4
45,3
45,2
45,1
44,5
44,4
44,3
44,2
44,1
4294967294,303
43,6
43,5
43,4
43,3
43,2
43,1
42,4
42,3
42,2
42,1
41,4
41,3
41,2
41,1
40,5
40,4
40,3
40,2
40,1
4294967294,302
39,4
39,3
39,2
39,1
4294967278,338
4294967294,301
38,5
38,4
38,3
38,2
38,1
4294967294,300
37,4
37,3
37,2
37,1
4294967294,283
4294967294,456
4294967294,1627
36,5
36,4
36,3
36,2
36,1
4294967294,1626
35,6
35,5
35,4
35,3
35,2
35,1
34,4
34,3
34,2
34,1
33,4
33,3
33,2
33,1
32,4
32,3
32,2
32,1
31,4
31,3
31,2
31,1
4294967294,455
4294967279,522
30,6
30,5
30,4
30,3
30,2
30,1
29,5
29,4
29,3
29,2
29,1
4294967278,336
28,7
28,6
28,5
28,4
28,3
28,2
28,1
4294967294,275
4294967294,271
27,5
27,4
27,3
27,2
27,1
26,6
26,5
26,4
26,3
26,2
26,1
4294967294,454
25,5
25,4
25,3
25,2
25,1
4294967294,1148
4294967294,2051
4294967294,1143
4294967294,2050
24,5
24,4
24,3
24,2
24,1
23,5
23,4
23,3
23,2
23,1
4294967294,1145
4294967294,1144
4294967294,1142
4294967294,995
4294967279,521
22,5
22,4
22,3
22,2
22,1
21,4
21,3
21,2
21,1
4294967294,453
20,4
20,3
20,2
20,1
19,4
19,3
19,2
19,1
4294967279,520
4294967294,452
18,4
18,3
18,2
18,1
17,4
17,3
17,2
17,1
4294967294,1599
16,4
16,3
16,2
16,1
4294967278,334
15,6
15,5
15,4
15,3
15,2
15,1
4294967294,270
14,4
14,3
14,2
14,1
4294967294,269
4294967294,1598
13,4
13,3
13,2
13,1
4294967294,1343
12,5
12,4
12,3
12,2
12,1
11,7
11,6
11,5
11,4
11,3
11,2
11,1
4294967294,451
4294967294,450
4294967294,449
4294967294,1597
10,4
10,3
10,2
10,1
9,4
9,3
9,2
9,1
4294967278,333
8,4
